3.0571754964479925
2.8855320435050893
0.24051896723326266
-4.515749350788301
1.1022817435732948
3.4017127891324717
3.2184696932803725
2.058240509550585
0.6012996201086351
-4.853176654385697
2.10179703981255
0.05941157444365706
1.4986336627711012
2.2975341754585363
4.233149394325151
2.225034172319491
0.24018042605790024
1.0417098494784975
2.1041238939988394
3.901457770094459
1.8023830018043636
3.0999070907820063
1.2791355729146532
1.7508016086233567
0.3638992594383041
1.0776731919989666
-9.337477261637352
1.591079784430307
1.9118164476828896
-7.717013738133308
2.2165374284826678
-6.751196710607875
0.5374396084909403
1.180804815049179
-6.021004242623998
-2.557259217513047
-2.2188173110260054
-2.3402785493819236
9.78810392336571
4.158959781632465
-9.912005013825546
-2.0005276999821993
-0.6608299369167245
-0.5623706436576169
-3.2595216718809517
-2.0510961723716656
-1.9925109938234042
2.852888008352745
9.72180708449976
9.9435306962532
